1 680 549
2 684 524
3 732 515
4 732 515
5 272 500
6 617 480
7 583 778
8 807 683
9 764 736
10 781 607
11 546 632
12 570 619
13 771 702
14 693 406
15 688 541
16 630 563
17 614 792
18 555 539
19 688 628
20 720 698
21 552 611
22 676 604
23 1020 484
24 916 448
25 754 563
26 870 546
27 746 644
28 826 652
29 698 560
30 724 615
31 534 612
32 855 451
33 546 372
34 524 431
35 562 462
36 556 442
37 699 423
38 637 503
39 631 385
40 604 296
41 597 520
42 454 425
43 608 405
44 771 473
45 584 530
46 729 477
47 687 588
48 646 708
49 552 795
50 553 672
51 632 509
52 551 704
53 650 617
54 618 514
55 815 480
56 548 631
57 572 431
58 578 485
59 578 485