195 778
216 765
235 754
253 743
269 734
284 725
298 717
310 709
322 702
333 695
195 689
216 681
235 673
253 666
269 660
284 654
298 648
310 643
322 638
333 634
195 600
216 596
235 592
253 589
269 586
284 583
298 580
310 577
322 575
333 573
195 512
216 512
235 512
253 512
269 512
284 512
298 512
310 512
322 512
333 512
195 423
216 427
235 431
253 434
269 437
284 440
298 443
310 446
322 448
333 450
195 334
216 342
235 350
253 357
269 363
284 369
298 375
310 380
322 385
333 389
284 778
301 765
316 754
330 743
343 734
355 725
366 717
376 709
386 702
394 695
284 689
301 681
316 673
330 666
343 660
355 654
366 648
376 643
386 638
394 634
284 600
301 596
316 592
330 589
343 586
355 583
366 580
376 577
386 575
394 573
284 512
301 512
316 512
330 512
343 512
355 512
366 512
376 512
386 512
394 512
284 423
301 427
316 431
330 434
343 437
355 440
366 443
376 446
386 448
394 450
284 334
301 342
316 350
330 357
343 363
355 369
366 375
376 380
386 385
394 389
373 778
386 765
397 754
408 743
417 734
426 725
434 717
442 709
449 702
456 695
373 689
386 681
397 673
408 666
417 660
426 654
434 648
442 643
449 638
456 634
373 600
386 596
397 592
408 589
417 586
426 583
434 580
442 577
449 575
456 573
373 512
386 512
397 512
408 512
417 512
426 512
434 512
442 512
449 512
456 512
373 423
386 427
397 431
408 434
417 437
426 440
434 443
442 446
449 448
456 450
373 334
386 342
397 350
408 357
417 363
426 369
434 375
442 380
449 385
456 389
462 778
470 765
478 754
485 743
491 734
497 725
503 717
508 709
513 702
517 695
462 689
470 681
478 673
485 666
491 660
497 654
503 648
508 643
513 638
517 634
462 600
470 596
478 592
485 589
491 586
497 583
503 580
508 577
513 575
517 573
462 512
470 512
478 512
485 512
491 512
497 512
503 512
508 512
513 512
517 512
462 423
470 427
478 431
485 434
491 437
497 440
503 443
508 446
513 448
517 450
462 334
470 342
478 350
485 357
491 363
497 369
503 375
508 380
513 385
517 389
551 778
555 765
559 754
562 743
565 734
568 725
571 717
574 709
576 702
578 695
551 689
555 681
559 673
562 666
565 660
568 654
571 648
574 643
576 638
578 634
551 600
555 596
559 592
562 589
565 586
568 583
571 580
574 577
576 575
578 573
551 512
555 512
559 512
562 512
565 512
568 512
571 512
574 512
576 512
578 512
551 423
555 427
559 431
562 434
565 437
568 440
571 443
574 446
576 448
578 450
551 334
555 342
559 350
562 357
565 363
568 369
571 375
574 380
576 385
578 389
640 778
640 765
640 754
640 743
640 734
640 725
640 717
640 709
640 702
640 695
640 689
640 681
640 673
640 666
640 660
640 654
640 648
640 643
640 638
640 634
640 600
640 596
640 592
640 589
640 586
640 583
640 580
640 577
640 575
640 573
640 512
640 512
640 512
640 512
640 512
640 512
640 512
640 512
640 512
640 512
640 423
640 427
640 431
640 434
640 437
640 440
640 443
640 446
640 448
640 450
640 334
640 342
640 350
640 357
640 363
640 369
640 375
640 380
640 385
640 389
728 778
724 765
720 754
717 743
714 734
711 725
708 717
705 709
703 702
701 695
728 689
724 681
720 673
717 666
714 660
711 654
708 648
705 643
703 638
701 634
728 600
724 596
720 592
717 589
714 586
711 583
708 580
705 577
703 575
701 573
728 512
724 512
720 512
717 512
714 512
711 512
708 512
705 512
703 512
701 512
728 423
724 427
720 431
717 434
714 437
711 440
708 443
705 446
703 448
701 450
728 334
724 342
720 350
717 357
714 363
711 369
708 375
705 380
703 385
701 389
817 778
809 765
801 754
794 743
788 734
782 725
776 717
771 709
766 702
762 695
817 689
809 681
801 673
794 666
788 660
782 654
776 648
771 643
766 638
762 634
817 600
809 596
801 592
794 589
788 586
782 583
776 580
771 577
766 575
762 573
817 512
809 512
801 512
794 512
788 512
782 512
776 512
771 512
766 512
762 512
817 423
809 427
801 431
794 434
788 437
782 440
776 443
771 446
766 448
762 450
817 334
809 342
801 350
794 357
788 363
782 369
776 375
771 380
766 385
762 389
906 778
893 765
882 754
871 743
862 734
853 725
845 717
837 709
830 702
823 695
906 689
893 681
882 673
871 666
862 660
853 654
845 648
837 643
830 638
823 634
906 600
893 596
882 592
871 589
862 586
853 583
845 580
837 577
830 575
823 573
906 512
893 512
882 512
871 512
862 512
853 512
845 512
837 512
830 512
823 512
906 423
893 427
882 431
871 434
862 437
853 440
845 443
837 446
830 448
823 450
906 334
893 342
882 350
871 357
862 363
853 369
845 375
837 380
830 385
823 389
995 778
978 765
963 754
949 743
936 734
924 725
913 717
903 709
893 702
885 695
995 689
978 681
963 673
949 666
936 660
924 654
913 648
903 643
893 638
885 634
995 600
978 596
963 592
949 589
936 586
924 583
913 580
903 577
893 575
885 573
995 512
978 512
963 512
949 512
936 512
924 512
913 512
903 512
893 512
885 512
995 423
978 427
963 431
949 434
936 437
924 440
913 443
903 446
893 448
885 450
995 334
978 342
963 350
949 357
936 363
924 369
913 375
903 380
893 385
885 389
1084 778
1063 765
1044 754
1026 743
1010 734
995 725
981 717
969 709
957 702
946 695
1084 689
1063 681
1044 673
1026 666
1010 660
995 654
981 648
969 643
957 638
946 634
1084 600
1063 596
1044 592
1026 589
1010 586
995 583
981 580
969 577
957 575
946 573
1084 512
1063 512
1044 512
1026 512
1010 512
995 512
981 512
969 512
957 512
946 512
1084 423
1063 427
1044 431
1026 434
1010 437
995 440
981 443
969 446
957 448
946 450
1084 334
1063 342
1044 350
1026 357
1010 363
995 369
981 375
969 380
957 385
946 389
