-0.50 -0.30 -2.00
-0.50 -0.30 -2.10
-0.50 -0.30 -2.20
-0.50 -0.30 -2.30
-0.50 -0.30 -2.40
-0.50 -0.30 -2.50
-0.50 -0.30 -2.60
-0.50 -0.30 -2.70
-0.50 -0.30 -2.80
-0.50 -0.30 -2.90
-0.50 -0.20 -2.00
-0.50 -0.20 -2.10
-0.50 -0.20 -2.20
-0.50 -0.20 -2.30
-0.50 -0.20 -2.40
-0.50 -0.20 -2.50
-0.50 -0.20 -2.60
-0.50 -0.20 -2.70
-0.50 -0.20 -2.80
-0.50 -0.20 -2.90
-0.50 -0.10 -2.00
-0.50 -0.10 -2.10
-0.50 -0.10 -2.20
-0.50 -0.10 -2.30
-0.50 -0.10 -2.40
-0.50 -0.10 -2.50
-0.50 -0.10 -2.60
-0.50 -0.10 -2.70
-0.50 -0.10 -2.80
-0.50 -0.10 -2.90
-0.50 0.00 -2.00
-0.50 0.00 -2.10
-0.50 0.00 -2.20
-0.50 0.00 -2.30
-0.50 0.00 -2.40
-0.50 0.00 -2.50
-0.50 0.00 -2.60
-0.50 0.00 -2.70
-0.50 0.00 -2.80
-0.50 0.00 -2.90
-0.50 0.10 -2.00
-0.50 0.10 -2.10
-0.50 0.10 -2.20
-0.50 0.10 -2.30
-0.50 0.10 -2.40
-0.50 0.10 -2.50
-0.50 0.10 -2.60
-0.50 0.10 -2.70
-0.50 0.10 -2.80
-0.50 0.10 -2.90
-0.50 0.20 -2.00
-0.50 0.20 -2.10
-0.50 0.20 -2.20
-0.50 0.20 -2.30
-0.50 0.20 -2.40
-0.50 0.20 -2.50
-0.50 0.20 -2.60
-0.50 0.20 -2.70
-0.50 0.20 -2.80
-0.50 0.20 -2.90
-0.40 -0.30 -2.00
-0.40 -0.30 -2.10
-0.40 -0.30 -2.20
-0.40 -0.30 -2.30
-0.40 -0.30 -2.40
-0.40 -0.30 -2.50
-0.40 -0.30 -2.60
-0.40 -0.30 -2.70
-0.40 -0.30 -2.80
-0.40 -0.30 -2.90
-0.40 -0.20 -2.00
-0.40 -0.20 -2.10
-0.40 -0.20 -2.20
-0.40 -0.20 -2.30
-0.40 -0.20 -2.40
-0.40 -0.20 -2.50
-0.40 -0.20 -2.60
-0.40 -0.20 -2.70
-0.40 -0.20 -2.80
-0.40 -0.20 -2.90
-0.40 -0.10 -2.00
-0.40 -0.10 -2.10
-0.40 -0.10 -2.20
-0.40 -0.10 -2.30
-0.40 -0.10 -2.40
-0.40 -0.10 -2.50
-0.40 -0.10 -2.60
-0.40 -0.10 -2.70
-0.40 -0.10 -2.80
-0.40 -0.10 -2.90
-0.40 0.00 -2.00
-0.40 0.00 -2.10
-0.40 0.00 -2.20
-0.40 0.00 -2.30
-0.40 0.00 -2.40
-0.40 0.00 -2.50
-0.40 0.00 -2.60
-0.40 0.00 -2.70
-0.40 0.00 -2.80
-0.40 0.00 -2.90
-0.40 0.10 -2.00
-0.40 0.10 -2.10
-0.40 0.10 -2.20
-0.40 0.10 -2.30
-0.40 0.10 -2.40
-0.40 0.10 -2.50
-0.40 0.10 -2.60
-0.40 0.10 -2.70
-0.40 0.10 -2.80
-0.40 0.10 -2.90
-0.40 0.20 -2.00
-0.40 0.20 -2.10
-0.40 0.20 -2.20
-0.40 0.20 -2.30
-0.40 0.20 -2.40
-0.40 0.20 -2.50
-0.40 0.20 -2.60
-0.40 0.20 -2.70
-0.40 0.20 -2.80
-0.40 0.20 -2.90
-0.30 -0.30 -2.00
-0.30 -0.30 -2.10
-0.30 -0.30 -2.20
-0.30 -0.30 -2.30
-0.30 -0.30 -2.40
-0.30 -0.30 -2.50
-0.30 -0.30 -2.60
-0.30 -0.30 -2.70
-0.30 -0.30 -2.80
-0.30 -0.30 -2.90
-0.30 -0.20 -2.00
-0.30 -0.20 -2.10
-0.30 -0.20 -2.20
-0.30 -0.20 -2.30
-0.30 -0.20 -2.40
-0.30 -0.20 -2.50
-0.30 -0.20 -2.60
-0.30 -0.20 -2.70
-0.30 -0.20 -2.80
-0.30 -0.20 -2.90
-0.30 -0.10 -2.00
-0.30 -0.10 -2.10
-0.30 -0.10 -2.20
-0.30 -0.10 -2.30
-0.30 -0.10 -2.40
-0.30 -0.10 -2.50
-0.30 -0.10 -2.60
-0.30 -0.10 -2.70
-0.30 -0.10 -2.80
-0.30 -0.10 -2.90
-0.30 0.00 -2.00
-0.30 0.00 -2.10
-0.30 0.00 -2.20
-0.30 0.00 -2.30
-0.30 0.00 -2.40
-0.30 0.00 -2.50
-0.30 0.00 -2.60
-0.30 0.00 -2.70
-0.30 0.00 -2.80
-0.30 0.00 -2.90
-0.30 0.10 -2.00
-0.30 0.10 -2.10
-0.30 0.10 -2.20
-0.30 0.10 -2.30
-0.30 0.10 -2.40
-0.30 0.10 -2.50
-0.30 0.10 -2.60
-0.30 0.10 -2.70
-0.30 0.10 -2.80
-0.30 0.10 -2.90
-0.30 0.20 -2.00
-0.30 0.20 -2.10
-0.30 0.20 -2.20
-0.30 0.20 -2.30
-0.30 0.20 -2.40
-0.30 0.20 -2.50
-0.30 0.20 -2.60
-0.30 0.20 -2.70
-0.30 0.20 -2.80
-0.30 0.20 -2.90
-0.20 -0.30 -2.00
-0.20 -0.30 -2.10
-0.20 -0.30 -2.20
-0.20 -0.30 -2.30
-0.20 -0.30 -2.40
-0.20 -0.30 -2.50
-0.20 -0.30 -2.60
-0.20 -0.30 -2.70
-0.20 -0.30 -2.80
-0.20 -0.30 -2.90
-0.20 -0.20 -2.00
-0.20 -0.20 -2.10
-0.20 -0.20 -2.20
-0.20 -0.20 -2.30
-0.20 -0.20 -2.40
-0.20 -0.20 -2.50
-0.20 -0.20 -2.60
-0.20 -0.20 -2.70
-0.20 -0.20 -2.80
-0.20 -0.20 -2.90
-0.20 -0.10 -2.00
-0.20 -0.10 -2.10
-0.20 -0.10 -2.20
-0.20 -0.10 -2.30
-0.20 -0.10 -2.40
-0.20 -0.10 -2.50
-0.20 -0.10 -2.60
-0.20 -0.10 -2.70
-0.20 -0.10 -2.80
-0.20 -0.10 -2.90
-0.20 0.00 -2.00
-0.20 0.00 -2.10
-0.20 0.00 -2.20
-0.20 0.00 -2.30
-0.20 0.00 -2.40
-0.20 0.00 -2.50
-0.20 0.00 -2.60
-0.20 0.00 -2.70
-0.20 0.00 -2.80
-0.20 0.00 -2.90
-0.20 0.10 -2.00
-0.20 0.10 -2.10
-0.20 0.10 -2.20
-0.20 0.10 -2.30
-0.20 0.10 -2.40
-0.20 0.10 -2.50
-0.20 0.10 -2.60
-0.20 0.10 -2.70
-0.20 0.10 -2.80
-0.20 0.10 -2.90
-0.20 0.20 -2.00
-0.20 0.20 -2.10
-0.20 0.20 -2.20
-0.20 0.20 -2.30
-0.20 0.20 -2.40
-0.20 0.20 -2.50
-0.20 0.20 -2.60
-0.20 0.20 -2.70
-0.20 0.20 -2.80
-0.20 0.20 -2.90
-0.10 -0.30 -2.00
-0.10 -0.30 -2.10
-0.10 -0.30 -2.20
-0.10 -0.30 -2.30
-0.10 -0.30 -2.40
-0.10 -0.30 -2.50
-0.10 -0.30 -2.60
-0.10 -0.30 -2.70
-0.10 -0.30 -2.80
-0.10 -0.30 -2.90
-0.10 -0.20 -2.00
-0.10 -0.20 -2.10
-0.10 -0.20 -2.20
-0.10 -0.20 -2.30
-0.10 -0.20 -2.40
-0.10 -0.20 -2.50
-0.10 -0.20 -2.60
-0.10 -0.20 -2.70
-0.10 -0.20 -2.80
-0.10 -0.20 -2.90
-0.10 -0.10 -2.00
-0.10 -0.10 -2.10
-0.10 -0.10 -2.20
-0.10 -0.10 -2.30
-0.10 -0.10 -2.40
-0.10 -0.10 -2.50
-0.10 -0.10 -2.60
-0.10 -0.10 -2.70
-0.10 -0.10 -2.80
-0.10 -0.10 -2.90
-0.10 0.00 -2.00
-0.10 0.00 -2.10
-0.10 0.00 -2.20
-0.10 0.00 -2.30
-0.10 0.00 -2.40
-0.10 0.00 -2.50
-0.10 0.00 -2.60
-0.10 0.00 -2.70
-0.10 0.00 -2.80
-0.10 0.00 -2.90
-0.10 0.10 -2.00
-0.10 0.10 -2.10
-0.10 0.10 -2.20
-0.10 0.10 -2.30
-0.10 0.10 -2.40
-0.10 0.10 -2.50
-0.10 0.10 -2.60
-0.10 0.10 -2.70
-0.10 0.10 -2.80
-0.10 0.10 -2.90
-0.10 0.20 -2.00
-0.10 0.20 -2.10
-0.10 0.20 -2.20
-0.10 0.20 -2.30
-0.10 0.20 -2.40
-0.10 0.20 -2.50
-0.10 0.20 -2.60
-0.10 0.20 -2.70
-0.10 0.20 -2.80
-0.10 0.20 -2.90
-0.00 -0.30 -2.00
-0.00 -0.30 -2.10
-0.00 -0.30 -2.20
-0.00 -0.30 -2.30
-0.00 -0.30 -2.40
-0.00 -0.30 -2.50
-0.00 -0.30 -2.60
-0.00 -0.30 -2.70
-0.00 -0.30 -2.80
-0.00 -0.30 -2.90
-0.00 -0.20 -2.00
-0.00 -0.20 -2.10
-0.00 -0.20 -2.20
-0.00 -0.20 -2.30
-0.00 -0.20 -2.40
-0.00 -0.20 -2.50
-0.00 -0.20 -2.60
-0.00 -0.20 -2.70
-0.00 -0.20 -2.80
-0.00 -0.20 -2.90
-0.00 -0.10 -2.00
-0.00 -0.10 -2.10
-0.00 -0.10 -2.20
-0.00 -0.10 -2.30
-0.00 -0.10 -2.40
-0.00 -0.10 -2.50
-0.00 -0.10 -2.60
-0.00 -0.10 -2.70
-0.00 -0.10 -2.80
-0.00 -0.10 -2.90
-0.00 0.00 -2.00
-0.00 0.00 -2.10
-0.00 0.00 -2.20
-0.00 0.00 -2.30
-0.00 0.00 -2.40
-0.00 0.00 -2.50
-0.00 0.00 -2.60
-0.00 0.00 -2.70
-0.00 0.00 -2.80
-0.00 0.00 -2.90
-0.00 0.10 -2.00
-0.00 0.10 -2.10
-0.00 0.10 -2.20
-0.00 0.10 -2.30
-0.00 0.10 -2.40
-0.00 0.10 -2.50
-0.00 0.10 -2.60
-0.00 0.10 -2.70
-0.00 0.10 -2.80
-0.00 0.10 -2.90
-0.00 0.20 -2.00
-0.00 0.20 -2.10
-0.00 0.20 -2.20
-0.00 0.20 -2.30
-0.00 0.20 -2.40
-0.00 0.20 -2.50
-0.00 0.20 -2.60
-0.00 0.20 -2.70
-0.00 0.20 -2.80
-0.00 0.20 -2.90
0.10 -0.30 -2.00
0.10 -0.30 -2.10
0.10 -0.30 -2.20
0.10 -0.30 -2.30
0.10 -0.30 -2.40
0.10 -0.30 -2.50
0.10 -0.30 -2.60
0.10 -0.30 -2.70
0.10 -0.30 -2.80
0.10 -0.30 -2.90
0.10 -0.20 -2.00
0.10 -0.20 -2.10
0.10 -0.20 -2.20
0.10 -0.20 -2.30
0.10 -0.20 -2.40
0.10 -0.20 -2.50
0.10 -0.20 -2.60
0.10 -0.20 -2.70
0.10 -0.20 -2.80
0.10 -0.20 -2.90
0.10 -0.10 -2.00
0.10 -0.10 -2.10
0.10 -0.10 -2.20
0.10 -0.10 -2.30
0.10 -0.10 -2.40
0.10 -0.10 -2.50
0.10 -0.10 -2.60
0.10 -0.10 -2.70
0.10 -0.10 -2.80
0.10 -0.10 -2.90
0.10 0.00 -2.00
0.10 0.00 -2.10
0.10 0.00 -2.20
0.10 0.00 -2.30
0.10 0.00 -2.40
0.10 0.00 -2.50
0.10 0.00 -2.60
0.10 0.00 -2.70
0.10 0.00 -2.80
0.10 0.00 -2.90
0.10 0.10 -2.00
0.10 0.10 -2.10
0.10 0.10 -2.20
0.10 0.10 -2.30
0.10 0.10 -2.40
0.10 0.10 -2.50
0.10 0.10 -2.60
0.10 0.10 -2.70
0.10 0.10 -2.80
0.10 0.10 -2.90
0.10 0.20 -2.00
0.10 0.20 -2.10
0.10 0.20 -2.20
0.10 0.20 -2.30
0.10 0.20 -2.40
0.10 0.20 -2.50
0.10 0.20 -2.60
0.10 0.20 -2.70
0.10 0.20 -2.80
0.10 0.20 -2.90
0.20 -0.30 -2.00
0.20 -0.30 -2.10
0.20 -0.30 -2.20
0.20 -0.30 -2.30
0.20 -0.30 -2.40
0.20 -0.30 -2.50
0.20 -0.30 -2.60
0.20 -0.30 -2.70
0.20 -0.30 -2.80
0.20 -0.30 -2.90
0.20 -0.20 -2.00
0.20 -0.20 -2.10
0.20 -0.20 -2.20
0.20 -0.20 -2.30
0.20 -0.20 -2.40
0.20 -0.20 -2.50
0.20 -0.20 -2.60
0.20 -0.20 -2.70
0.20 -0.20 -2.80
0.20 -0.20 -2.90
0.20 -0.10 -2.00
0.20 -0.10 -2.10
0.20 -0.10 -2.20
0.20 -0.10 -2.30
0.20 -0.10 -2.40
0.20 -0.10 -2.50
0.20 -0.10 -2.60
0.20 -0.10 -2.70
0.20 -0.10 -2.80
0.20 -0.10 -2.90
0.20 0.00 -2.00
0.20 0.00 -2.10
0.20 0.00 -2.20
0.20 0.00 -2.30
0.20 0.00 -2.40
0.20 0.00 -2.50
0.20 0.00 -2.60
0.20 0.00 -2.70
0.20 0.00 -2.80
0.20 0.00 -2.90
0.20 0.10 -2.00
0.20 0.10 -2.10
0.20 0.10 -2.20
0.20 0.10 -2.30
0.20 0.10 -2.40
0.20 0.10 -2.50
0.20 0.10 -2.60
0.20 0.10 -2.70
0.20 0.10 -2.80
0.20 0.10 -2.90
0.20 0.20 -2.00
0.20 0.20 -2.10
0.20 0.20 -2.20
0.20 0.20 -2.30
0.20 0.20 -2.40
0.20 0.20 -2.50
0.20 0.20 -2.60
0.20 0.20 -2.70
0.20 0.20 -2.80
0.20 0.20 -2.90
0.30 -0.30 -2.00
0.30 -0.30 -2.10
0.30 -0.30 -2.20
0.30 -0.30 -2.30
0.30 -0.30 -2.40
0.30 -0.30 -2.50
0.30 -0.30 -2.60
0.30 -0.30 -2.70
0.30 -0.30 -2.80
0.30 -0.30 -2.90
0.30 -0.20 -2.00
0.30 -0.20 -2.10
0.30 -0.20 -2.20
0.30 -0.20 -2.30
0.30 -0.20 -2.40
0.30 -0.20 -2.50
0.30 -0.20 -2.60
0.30 -0.20 -2.70
0.30 -0.20 -2.80
0.30 -0.20 -2.90
0.30 -0.10 -2.00
0.30 -0.10 -2.10
0.30 -0.10 -2.20
0.30 -0.10 -2.30
0.30 -0.10 -2.40
0.30 -0.10 -2.50
0.30 -0.10 -2.60
0.30 -0.10 -2.70
0.30 -0.10 -2.80
0.30 -0.10 -2.90
0.30 0.00 -2.00
0.30 0.00 -2.10
0.30 0.00 -2.20
0.30 0.00 -2.30
0.30 0.00 -2.40
0.30 0.00 -2.50
0.30 0.00 -2.60
0.30 0.00 -2.70
0.30 0.00 -2.80
0.30 0.00 -2.90
0.30 0.10 -2.00
0.30 0.10 -2.10
0.30 0.10 -2.20
0.30 0.10 -2.30
0.30 0.10 -2.40
0.30 0.10 -2.50
0.30 0.10 -2.60
0.30 0.10 -2.70
0.30 0.10 -2.80
0.30 0.10 -2.90
0.30 0.20 -2.00
0.30 0.20 -2.10
0.30 0.20 -2.20
0.30 0.20 -2.30
0.30 0.20 -2.40
0.30 0.20 -2.50
0.30 0.20 -2.60
0.30 0.20 -2.70
0.30 0.20 -2.80
0.30 0.20 -2.90
0.40 -0.30 -2.00
0.40 -0.30 -2.10
0.40 -0.30 -2.20
0.40 -0.30 -2.30
0.40 -0.30 -2.40
0.40 -0.30 -2.50
0.40 -0.30 -2.60
0.40 -0.30 -2.70
0.40 -0.30 -2.80
0.40 -0.30 -2.90
0.40 -0.20 -2.00
0.40 -0.20 -2.10
0.40 -0.20 -2.20
0.40 -0.20 -2.30
0.40 -0.20 -2.40
0.40 -0.20 -2.50
0.40 -0.20 -2.60
0.40 -0.20 -2.70
0.40 -0.20 -2.80
0.40 -0.20 -2.90
0.40 -0.10 -2.00
0.40 -0.10 -2.10
0.40 -0.10 -2.20
0.40 -0.10 -2.30
0.40 -0.10 -2.40
0.40 -0.10 -2.50
0.40 -0.10 -2.60
0.40 -0.10 -2.70
0.40 -0.10 -2.80
0.40 -0.10 -2.90
0.40 0.00 -2.00
0.40 0.00 -2.10
0.40 0.00 -2.20
0.40 0.00 -2.30
0.40 0.00 -2.40
0.40 0.00 -2.50
0.40 0.00 -2.60
0.40 0.00 -2.70
0.40 0.00 -2.80
0.40 0.00 -2.90
0.40 0.10 -2.00
0.40 0.10 -2.10
0.40 0.10 -2.20
0.40 0.10 -2.30
0.40 0.10 -2.40
0.40 0.10 -2.50
0.40 0.10 -2.60
0.40 0.10 -2.70
0.40 0.10 -2.80
0.40 0.10 -2.90
0.40 0.20 -2.00
0.40 0.20 -2.10
0.40 0.20 -2.20
0.40 0.20 -2.30
0.40 0.20 -2.40
0.40 0.20 -2.50
0.40 0.20 -2.60
0.40 0.20 -2.70
0.40 0.20 -2.80
0.40 0.20 -2.90
0.50 -0.30 -2.00
0.50 -0.30 -2.10
0.50 -0.30 -2.20
0.50 -0.30 -2.30
0.50 -0.30 -2.40
0.50 -0.30 -2.50
0.50 -0.30 -2.60
0.50 -0.30 -2.70
0.50 -0.30 -2.80
0.50 -0.30 -2.90
0.50 -0.20 -2.00
0.50 -0.20 -2.10
0.50 -0.20 -2.20
0.50 -0.20 -2.30
0.50 -0.20 -2.40
0.50 -0.20 -2.50
0.50 -0.20 -2.60
0.50 -0.20 -2.70
0.50 -0.20 -2.80
0.50 -0.20 -2.90
0.50 -0.10 -2.00
0.50 -0.10 -2.10
0.50 -0.10 -2.20
0.50 -0.10 -2.30
0.50 -0.10 -2.40
0.50 -0.10 -2.50
0.50 -0.10 -2.60
0.50 -0.10 -2.70
0.50 -0.10 -2.80
0.50 -0.10 -2.90
0.50 0.00 -2.00
0.50 0.00 -2.10
0.50 0.00 -2.20
0.50 0.00 -2.30
0.50 0.00 -2.40
0.50 0.00 -2.50
0.50 0.00 -2.60
0.50 0.00 -2.70
0.50 0.00 -2.80
0.50 0.00 -2.90
0.50 0.10 -2.00
0.50 0.10 -2.10
0.50 0.10 -2.20
0.50 0.10 -2.30
0.50 0.10 -2.40
0.50 0.10 -2.50
0.50 0.10 -2.60
0.50 0.10 -2.70
0.50 0.10 -2.80
0.50 0.10 -2.90
0.50 0.20 -2.00
0.50 0.20 -2.10
0.50 0.20 -2.20
0.50 0.20 -2.30
0.50 0.20 -2.40
0.50 0.20 -2.50
0.50 0.20 -2.60
0.50 0.20 -2.70
0.50 0.20 -2.80
0.50 0.20 -2.90
